tree
version=v4
num_class=1
num_tree_per_iteration=1
label_index=0
max_feature_idx=13
objective=lambdarank
feature_names=簽約租金 屋齡 幾房 幾廳 幾衛浴 性別 實際使用坪數 承租人年齡 是否為弱勢身分 縣市_簽約租金zscore 承租人年齡x簽約租金 是否為弱勢身份x縣市 承租人年齡x建物型態 簽約租金x建物型態x實際使用坪數
feature_infos=[1627:37042] [3:55] [1:6] [1:4] [1:4] [0:1] [2.7345999999999999:2907.9324999999999] [20:75] [0:1] [-2.7396711235707039:3.7983215769524135] [55230:2490480] [0:5] [0:444] [0:70383598.230000004]
tree_sizes=3475 3473 3458 3448 3443 3442 3437 3421 3402

Tree=0
num_leaves=31
num_cat=0
split_feature=13 8 10 8 0 6 13 7 6 7 1 7 9 1 6 6 7 9 12 12 12 0 7 10 7 10 1 7 10 10
split_gain=19.2353 27.1617 21.129 42.5502 38.0423 29.1035 20.5357 15.6946 13.8135 24.2353 12.1677 11.9139 12.2128 11.2644 9.99188 9.24417 10.4396 8.70203 8.84691 8.47005 8.35666 9.2992 9.29794 9.96971 7.17881 7.14839 7.10595 7.21811 6.64683 6.5086
threshold=208530.19000000003 1.0000000180025095e-35 606684.00000000012 1.0000000180025095e-35 10995.500000000002 25.703425000000006 979657.50300000014 36.500000000000007 21.176512500000005 41.500000000000007 31.500000000000004 52.500000000000007 -1.2652828732286456 16.500000000000004 10.847650000000003 25.969625000000004 44.500000000000007 0.27468163186878936 42.500000000000007 226.00000000000003 158.00000000000003 14989.500000000002 40.500000000000007 1170294.0000000002 30.500000000000004 292724.50000000006 32.500000000000007 50.500000000000007 339217.00000000006 429264.00000000006
decision_type=2 2 2 2 2 2 2 2 2 2 2 2 2 2 2 2 2 2 2 2 2 2 2 2 2 2 2 2 2 2
left_child=2 8 3 5 11 26 10 13 20 19 -3 -5 -13 -7 -6 16 -4 18 -11 -10 21 -2 -22 -24 -23 -12 -1 -28 -8 -15
right_child=1 6 15 4 14 7 28 -9 9 17 25 12 -14 29 -16 -17 -18 -19 -20 -21 22 24 23 -25 -26 -27 27 -29 -30 -31
leaf_value=0.020714167333291927 0.01811973392512432 -0.022956628537131738 0.00085393040109518054 -0.038359428248545373 -0.039406107641513873 0.0050657870340808236 -0.041614946656224672 0.017195330561590769 -0.017781577321995378 -0.050674796410881018 -0.053709615334838257 0.007817965080624106 -0.045086950322546553 -0.043833293416135864 0.010622558984588968 0.0015382187548249361 -0.015336841881235332 -0.010775316165402133 0.0072802188234965095 -0.051289450024654182 -0.040537037741387304 -0.030090317156977905 0.0010789265664710005 -0.070528378817212661 0.0028517959076010736 0.0020910731406468814 0.0043652226984023856 0.034676884046877542 0.015920963688729427 -0.014280998419777414
leaf_weight=534.29450922459364 93.056015340611339 65.463235234841704 179.07634264044464 91.299450274556875 10.646971501410006 63.45345027372241 5.1166837513446799 69.568201761692762 462.03851504251361 6.8256109859794369 5.8597804419696322 35.835482683032751 15.68220974318683 25.331644950434566 159.42357491329312 632.93775357864797 224.22254007682204 151.10163337178528 186.72568927519023 19.662161918357015 21.081116130575538 20.542696669697762 78.223319597542286 5.1828633975237599 84.840533409267664 279.46287277713418 137.17154155299067 22.922093637287617 264.79221336916089 70.439487133175135
leaf_count=4411 794 623 1587 907 103 536 51 585 4417 67 61 326 153 266 1369 5690 2158 1435 1606 203 196 194 707 50 755 2564 1235 187 2242 672
internal_value=-1.1402e-09 -0.00394004 0.00303435 0.00744888 -0.00848601 0.0128496 0.00446218 -0.00261645 -0.00855822 -0.0119064 -0.00351543 -0.0275114 -0.00828652 -0.0112726 0.0074906 -0.00223149 -0.00814767 -0.00178339 0.00523643 -0.0191493 0.000575236 0.00660132 -0.0108693 -0.00337075 -0.00356972 0.000945073 0.0179455 0.00870522 0.0148303 -0.0220976
internal_weight=4022.28 1749.97 2272.31 1236.07 312.888 923.181 620.695 228.793 1129.28 826.354 350.786 142.817 51.5177 159.225 170.071 1036.24 403.299 344.653 193.551 481.701 302.927 198.439 104.487 83.4062 105.383 285.323 694.388 160.094 269.909 95.7711
internal_count=36150 15965 20185 10750 2858 7892 5541 2059 10424 7728 3248 1386 479 1474 1472 9435 3745 3108 1673 4620 2696 1743 953 757 949 2625 5833 1422 2293 938
is_linear=0
shrinkage=0.05


Tree=1
num_leaves=31
num_cat=0
split_feature=12 9 1 7 6 13 9 11 9 6 7 8 6 0 9 10 1 10 9 7 6 1 5 2 6 0 7 9 10 10
split_gain=37.9767 29.0443 50.3471 50.4123 62.1588 37.7638 39.4898 32.1784 31.9626 30.7698 36.6884 29.0817 51.8135 28.3685 38.9334 28.3062 28.3174 25.4734 27.7339 24.6414 29.0954 33.6566 25.6123 25.5308 34.1546 25.5197 24.4286 23.5575 23.4423 30.972
threshold=29.500000000000004 -0.011789099252125106 25.500000000000004 50.500000000000007 14.669737500000002 32266.997400000004 -1.7857338277978327 1.0000000180025095e-35 -0.26240254748723663 24.225712500000004 39.500000000000007 1.0000000180025095e-35 30.567625000000003 13977.500000000002 0.52447717334829858 1343840.0000000002 14.500000000000002 244690.00000000003 -1.4747105995856133 39.500000000000007 25.703425000000006 14.500000000000002 1.0000000180025095e-35 1.5000000000000002 16.403062500000001 18624.500000000004 43.500000000000007 1.0000000180025095e-35 424688.50000000006 434456.50000000006
decision_type=2 2 2 2 2 2 2 2 2 2 2 2 2 2 2 2 2 2 2 2 2 2 2 2 2 2 2 2 2 2
left_child=1 2 28 4 5 6 -4 17 9 10 -6 12 13 -3 -15 16 26 -8 -19 23 -21 22 -22 24 -16 -23 -14 -13 -1 -30
right_child=-2 11 3 -5 8 -7 7 -9 -10 -11 -12 27 15 14 19 -17 -18 18 -20 20 21 25 -24 -25 -26 -27 -28 -29 29 -31
leaf_value=6.4375480580759141e-05 -0.0022882174642644931 0.038457761784058131 -0.025770291197590285 0.013927640895703315 -0.035454181645242042 0.035694013930211793 0.01962387666690249 -0.014960123436803075 0.0045251221589372439 -0.0050413044026072678 -0.0040684575124220667 0.049040889129318394 -0.0075687102280379602 -0.00063085692138613997 -0.036364528713524358 -0.038017982737201583 0.00064010898349101987 -0.018764657521733813 0.0069318470355341326 0.016585741389556999 -0.004332354809450537 -0.03992740293828187 -0.057931529822582907 0.0076492141729003335 0.029914004840617722 0.01711580952988815 -0.033903865345748352 0.008168398660833907 -0.058252489059690854 -0.010356640118899528
leaf_weight=649.23969547078013 9908.3885603230447 67.582753922790289 107.67254073172808 775.30402842350304 267.11805245652795 96.481116889044642 352.37943280488253 171.71826799958944 287.33494628593326 401.52506558224559 142.93652967363596 35.835030660033226 399.59341998398304 1213.3139119185507 20.511576160788536 61.560688950121403 1215.9592569321394 117.68179686367512 974.64082281664014 193.40716258063912 40.933381587266922 24.151564449071884 48.930622424930334 335.3772055581212 371.24951301515102 104.19517250731587 112.94740988314152 2173.6713625509292 34.783629193902016 1139.2445874232799
leaf_count=924 16962 85 172 1287 428 146 450 420 461 725 211 53 652 1932 36 111 2114 165 1341 357 70 44 90 545 539 162 214 3535 58 1861
internal_value=1.13264e-10 0.00189931 -0.000760779 0.00259424 -0.000415482 0.00525272 0.00354921 0.00550224 -0.00980601 -0.0148799 -0.0245138 0.00418596 0.00174781 0.00651895 0.00560125 -0.00470142 -0.00351485 0.00793441 0.00416342 0.0122414 0.00246567 -0.0100494 -0.0335169 0.0177752 0.0264438 0.00638174 -0.0133721 0.00883129 -0.0075596 -0.0117757
internal_weight=21845.7 11937.3 5518.06 3694.79 2919.49 1820.57 1724.09 1616.42 1098.91 811.58 410.055 6419.22 4209.71 2419.65 2352.07 1790.06 1728.5 1444.7 1092.32 1138.76 411.618 218.211 89.864 727.138 391.761 128.347 512.541 2209.51 1823.27 1174.03
internal_count=36150 19188 8649 5806 4519 2694 2548 2376 1825 1364 639 10539 6951 3860 3775 3091 2980 1956 1506 1843 723 366 160 1120 575 206 866 3588 2843 1919
is_linear=0
shrinkage=0.05


Tree=2
num_leaves=31
num_cat=0
split_feature=2 10 11 12 7 6 6 11 11 11 10 6 9 0 12 10 9 0 1 1 1 12 6 9 0 7 1 12 0 0
split_gain=44.0971 58.7016 42.7585 34.9044 33.3318 31.0177 30.0741 29.3117 70.9902 27.3608 24.8717 36.6694 28.778 27.7379 32.7986 27.1869 25.7537 29.4732 26.2379 39.8368 24.7289 24.4977 28.4337 27.0363 23.1008 33.9773 25.7936 23.091 21.9598 29.8523
threshold=1.5000000000000002 715068.50000000012 1.5000000000000002 181.50000000000003 36.500000000000007 26.884687500000002 8.3006000000000011 3.5000000000000004 1.5000000000000002 3.5000000000000004 213211.50000000003 10.847650000000003 0.36269336343666247 4962.5000000000009 104.50000000000001 479115.00000000006 0.28441021041796882 12347.500000000002 25.500000000000004 29.500000000000004 32.500000000000007 202.00000000000003 34.014612500000005 -1.2848173483645895 8987.5000000000018 53.500000000000007 28.500000000000004 173.00000000000003 15261.500000000002 21266.500000000004
decision_type=2 2 2 2 2 2 2 2 2 2 2 2 2 2 2 2 2 2 2 2 2 2 2 2 2 2 2 2 2 2
left_child=1 7 6 28 5 27 -3 8 10 21 11 13 15 14 -1 16 17 18 -12 -20 -19 23 -23 -7 -17 -26 -27 -2 -4 -30
right_child=4 2 3 -5 -6 9 -8 -9 -10 -11 12 -13 -14 -15 -16 24 -18 20 19 -21 -22 22 -24 -25 25 26 -28 -29 29 -31
leaf_value=-0.014819436039686563 0.00098103255157327182 0.042838520850308613 -0.032691934370636798 -0.062521033202368723 -5.6513389901930152e-05 -0.07718796246968157 -0.0016403779669015147 0.016091096895201842 -0.014087701376321447 0.0042506163409806357 -0.0064645168784628788 -0.015686518953324138 0.015621993782459874 0.030803832402462657 0.03765419731622438 -0.041524545202835543 -0.050804187721890097 0.022582423062685212 0.015698681530255078 4.6995891953537119e-05 -0.0025122531761322077 -0.042155279016463799 0.029603386241745983 -0.011581162032277978 -0.002803648600137135 -0.007227201237936751 0.035729109329190954 -0.028085467766066071 0.0017406856871218419 -0.032377479397064785
leaf_weight=86.922226056456566 1614.7049630507827 38.880800623446703 111.28463945537806 39.43764903396368 8251.0097821969539 15.820857409387825 1684.5554384402931 554.69122248888016 493.58931231871247 338.52497382834554 452.10419691726565 75.613060873001814 533.72662855312228 289.13064222037792 45.298261299729347 35.210766509175301 19.446602240204811 443.57433131709695 743.42047467455268 897.13991852290928 126.07251648232341 17.281406126916409 68.616291515529156 2112.2696282304823 1601.3195767626166 52.233092188835144 105.58982617408037 71.346795376390219 248.65451958030462 86.387176163494587
leaf_count=136 2773 67 249 67 13758 46 2998 923 1036 468 669 133 792 394 56 72 35 680 1092 1524 246 40 123 4122 2648 100 167 178 422 136
internal_value=3.96299e-11 0.00271877 -0.00432993 -0.0174323 -0.00190783 -0.00551171 -0.000636932 0.00509432 0.00407775 -0.00898801 0.00570597 0.0163749 0.00464763 0.0221285 0.00315784 0.00333906 0.00652652 0.00694528 0.0042005 0.00713956 0.0170285 -0.0110122 0.0151666 -0.0120689 -0.00142476 -0.000622125 0.0215123 -0.000248943 -0.0134482 -0.00705634
internal_weight=21253.9 8764.28 2209.2 485.764 12489.6 4238.56 1723.44 6555.08 6000.39 2552.51 5506.8 496.964 5009.84 421.351 132.22 4476.11 2681.76 2662.31 2092.66 1640.56 569.647 2213.99 85.8977 2128.09 1794.35 1759.14 157.823 1686.05 446.326 335.042
internal_count=36150 14642 3939 874 21508 7750 3065 10703 9780 4799 8744 719 8025 586 192 7233 4246 4211 3285 2616 926 4331 163 4168 2987 2915 267 2951 807 558
is_linear=0
shrinkage=0.05


Tree=3
num_leaves=31
num_cat=0
split_feature=2 10 6 8 12 1 7 10 7 6 6 9 1 13 0 13 6 10 10 0 5 6 1 0 10 12 12 0 12 0
split_gain=36.6719 23.9949 27.052 18.7712 18.0636 17.2715 36.3172 22.8429 15.4889 28.2619 28.2534 55.6711 32.6553 25.4008 19.9911 29.8447 24.0173 18.382 17.9834 18.7886 17.8389 35.1645 27.6584 27.2823 34.7632 25.1825 32.0598 22.4415 21.4839 27.9389
threshold=1.5000000000000002 213211.50000000003 14.486725000000002 1.0000000180025095e-35 102.00000000000001 10.500000000000002 50.500000000000007 847549.50000000012 39.500000000000007 24.328562500000004 16.403062500000001 -0.91079519588280677 39.500000000000007 9608109.8404500019 25011.000000000004 997593.99245000014 25.316225000000003 1283571.5000000002 1245726.0000000002 26741.000000000004 1.0000000180025095e-35 25.517387500000002 8.5000000000000018 15860.000000000002 551783.50000000012 247.00000000000003 338.00000000000006 12516.500000000002 218.00000000000003 12001.500000000002
decision_type=2 2 2 2 2 2 2 2 2 2 2 2 2 2 2 2 2 2 2 2 2 2 2 2 2 2 2 2 2 2
left_child=1 2 3 -1 -5 6 -3 -8 10 -10 -2 12 -12 -13 16 17 -11 -16 19 -17 23 -22 -23 24 27 28 -27 -18 29 -26
right_child=8 5 -4 4 -6 -7 7 -9 9 14 11 13 -14 -15 15 18 20 -19 -20 -21 21 22 -24 -25 25 26 -28 -29 -30 -31
leaf_value=0.019370463492091431 0.006426431546307794 0.013944080501263029 -0.042888317849265188 0.0044419082561856131 -0.060263897425756996 0.0011398782905078003 -0.062686492830759069 -0.0055562397748861389 -0.006106943316871536 0.01787273130773841 -0.017411362349462691 -0.0041576458388228408 -0.059157684724164952 0.040021707710592477 -0.012456608954599315 -0.025289487844768976 0.0028808040732153403 0.0091287258291852056 -0.013449974446212445 -0.092479503626799742 -0.051331072618600475 -0.038821609186321847 0.0057740937963832381 0.0036177789795321055 0.020193516806594935 -0.057692634455654569 0.0025786731977031118 0.053957544430347983 0.028815773014315083 -0.017546043119555429
leaf_weight=417.97435515746474 600.53951186314225 602.79533782601357 20.640744090080261 47.722405856475234 13.935526136308907 7209.3425676822662 22.853174462914467 74.651461016386747 1560.7879009116441 248.15671033412218 174.1474960707128 4425.6561402156949 64.081977497786283 32.775811463594437 149.81535756587982 31.486198462545872 182.43707853555679 288.69273952394724 221.63605291768909 15.539693005383013 27.850827224552631 35.255402065813541 2515.2050328887999 989.82299498468637 55.687185868620872 66.862623021006584 32.930270574986935 24.379048902541399 32.811304599046707 410.88223239779472
leaf_count=619 985 919 55 113 42 12689 59 146 2720 387 434 8526 172 51 277 57 291 545 376 33 50 78 3957 1616 82 86 45 37 41 662
internal_value=1.93071e-11 0.00253975 0.0131594 0.0155714 -0.0101825 0.00186808 0.00936464 -0.0189465 -0.00175255 -0.000189657 -0.00378546 -0.0050912 -0.0286408 -0.00383286 0.00154328 -0.00628585 0.00274108 0.00175414 -0.0194087 -0.0474924 0.00188261 0.00454745 0.00515764 -0.00194339 -0.00877296 -0.0148737 -0.0378039 0.00890162 -0.0102915 -0.0130417
internal_weight=20597.4 8409.92 500.273 479.632 61.6579 7909.64 700.3 97.5046 12187.4 6890.24 5297.2 4696.66 238.229 4458.43 5329.45 707.17 4622.28 438.508 268.662 47.0259 4374.12 2578.31 2550.46 1795.81 805.99 599.174 99.7929 206.816 499.381 466.569
internal_count=36150 14642 829 774 155 13813 1124 205 21508 11340 10168 9183 606 8577 8620 1288 7332 822 466 90 6945 4085 4035 2860 1244 916 131 328 785 744
is_linear=0
shrinkage=0.05


Tree=4
num_leaves=31
num_cat=0
split_feature=12 10 1 7 6 1 11 7 7 9 12 0 10 9 0 11 7 6 1 0 6 11 7 10 0 6 10 2 1 6
split_gain=26.5308 22.5703 38.608 34.2321 30.7689 23.5504 23.4007 45.1572 34.1819 26.957 23.2667 22.6905 24.354 34.9181 21.7572 26.3649 23.2319 27.1863 25.3393 21.9924 21.0409 20.4549 24.0647 26.4906 19.4485 20.8113 19.4274 21.0115 19.0772 18.956
threshold=269.00000000000006 781293.00000000012 41.500000000000007 68.500000000000014 43.138012500000009 35.500000000000007 4.5000000000000009 56.500000000000007 34.500000000000007 1.2920265616121556 38.500000000000007 19969.500000000004 715068.50000000012 0.52447717334829858 13022.500000000002 1.5000000000000002 58.500000000000007 17.845987500000003 34.500000000000007 20645.500000000004 13.765262500000002 3.5000000000000004 54.500000000000007 1005542.5000000001 15161.500000000002 20.848300000000005 725434.00000000012 2.5000000000000004 23.500000000000004 32.438587500000004
decision_type=2 2 2 2 2 2 2 2 2 2 2 2 2 2 2 2 2 2 2 2 2 2 2 2 2 2 2 2 2 2
left_child=1 2 3 4 6 -5 9 8 -8 11 14 -1 13 -13 15 -3 17 18 19 -16 -14 24 -23 -24 -19 -26 -22 -28 -18 -2
right_child=29 10 -4 5 -6 -7 7 -9 -10 -11 -12 12 20 -15 16 -17 28 21 -20 -21 26 22 23 -25 25 -27 27 -29 -30 -31
leaf_value=0.0027304448178115063 0.017108585416860441 0.0024599256126350902 -0.0087692246025157568 -0.081893258750178707 -0.0084195027717899988 -0.00074673875179854642 0.00082101990962719852 0.03648272470535064 -0.039046652435615253 0.0183250115932297 0.00070278541540621229 -0.03911902269477352 0.058101434389194198 -0.0050925637327795962 -0.048977197540551111 -0.09348995015808402 -0.0057726564814972554 0.022473047445684131 0.0083386271875624095 -0.015262685384664973 0.038934193114375557 -0.01179002137548394 -0.023380008598891389 -0.10021212958182611 0.014335114384437922 -0.0065250997436545931 -0.016775391551709248 0.025042274679985033 0.0099842409283764089 0.00099526642954738927
leaf_weight=10757.442121854052 379.0825294777751 13.357342019677164 984.9005441069603 20.71961646899581 715.31514871492982 15.728817142546175 95.824574992060661 39.606087110936642 122.48950202390552 265.97268104553223 2486.6359169725329 108.63126944005489 17.837998740375042 246.4523641243577 94.312405187636614 15.429511427879332 374.83074114099145 65.704175747931004 49.693977788090706 99.297387443482876 28.802223794162273 198.85868129879236 31.210433579981327 17.514539636671543 127.81971944496036 1851.2270417418331 114.26840597391129 40.750877931714058 394.02541442960501 352.01130333915353
leaf_count=18936 599 25 1968 47 1359 26 162 62 248 468 4668 217 24 451 224 43 703 119 83 171 45 297 62 32 204 3412 223 75 645 552
internal_value=-1.79548e-11 -0.000352464 0.000764374 0.00151019 0.00165067 -0.0468756 0.00225916 -0.0126364 -0.0215475 0.00259093 -0.00295745 0.00222105 -0.00762151 -0.0155023 -0.00568799 -0.0489684 -0.00531096 -0.0076195 -0.023511 -0.0316859 0.00625511 -0.00593281 -0.0195062 -0.0509979 -0.0042893 -0.00517781 0.00122395 -0.00578252 0.00230248 0.00935025
internal_weight=20125.8 19394.7 13574.7 12589.8 12553.4 36.4484 11838.1 257.92 218.314 11580.2 5819.92 11314.2 556.743 355.084 3333.28 28.7869 3304.49 2535.64 243.304 193.61 201.66 2292.33 247.584 48.725 2044.75 1979.05 183.822 155.019 768.856 731.094
internal_count=36150 34999 24311 22343 22270 73 20911 472 410 20439 10688 19971 1035 668 6020 68 5952 4604 478 395 367 4126 391 94 3735 3616 343 298 1348 1151
is_linear=0
shrinkage=0.05


Tree=5
num_leaves=31
num_cat=0
split_feature=10 6 0 12 6 7 9 5 10 12 11 6 10 9 6 1 10 12 12 2 9 6 1 10 1 0 5 10 12 9
split_gain=15.7595 34.9698 30.8698 29.8632 19.9448 18.5797 15.6034 23.6361 14.9255 13.2184 12.1735 25.015 30.1315 38.2465 25.4785 27.6669 19.5528 18.891 18.9603 27.978 22.5652 20.8591 16.8448 29.7726 21.9207 20.4347 38.9707 21.5439 17.4107 16.4499
threshold=213211.50000000003 10.847650000000003 4962.5000000000009 104.50000000000001 5.9668125000000005 44.500000000000007 -1.7051198693279797 1.0000000180025095e-35 1897479.0000000002 118.50000000000001 3.5000000000000004 28.844887500000002 1005542.5000000001 0.39840936604744731 32.807637500000006 21.500000000000004 448067.00000000006 62.500000000000007 67.500000000000014 1.5000000000000002 -0.62450043136032185 30.386125000000003 29.500000000000004 250587.50000000003 35.500000000000007 7393.5000000000009 1.0000000180025095e-35 309030.00000000006 54.500000000000007 -1.2465375684525049
decision_type=2 2 2 2 2 2 2 2 2 2 2 2 2 2 2 2 2 2 2 2 2 2 2 2 2 2 2 2 2 2
left_child=1 2 3 4 -1 6 -6 -8 10 -4 17 -12 16 -14 -15 -16 -13 22 19 -19 -21 -22 25 -24 -25 26 27 -2 -27 -28
right_child=8 -3 9 -5 5 -7 7 -9 -10 -11 11 12 13 14 15 -17 -18 18 -20 20 21 -23 23 24 -26 28 29 -29 -30 -31
leaf_value=0.020810120902208601 0.017787440268528236 -0.015745407093747592 0.02701981240050344 0.026547836614779274 -0.065930024673901855 0.016320770631414086 0.024532799197585345 -0.052102845428750634 0.021413281993422947 0.0015389589170219872 -0.0024052594682133256 -0.011098252038260474 -0.071943537648636646 -0.038664196859631628 -0.013430459758679597 0.029755205505302359 0.014173314184004752 -0.074553014017002983 -0.0031532377254929449 0.022456420927854569 -0.044235989080766785 0.012029963402591493 -0.025503153280075609 -0.0055532244092939102 0.0010696676729778027 0.0012614103345232816 -0.0086441331562105306 0.055357625443420634 -0.042272987343989349 0.034721849142012082
leaf_weight=25.996946275234222 109.9519032984972 127.20490129478276 276.46656272932887 55.776612052693963 32.442280255258083 18.282152645289898 17.484640717506409 23.697962656617165 79.123336192220449 62.381275493651628 1066.3737575355917 83.914921168237925 21.663100071251392 37.333699807524681 76.362690970301628 72.107353162020445 870.82474021613598 21.538410425186157 3925.8008824978024 32.875483289361 53.714707046747208 23.75713774561882 131.02883219718933 1982.676058743149 3378.1728078536689 6919.1679681073874 156.11339152604342 58.436935791745782 23.042752269655466 25.429985836148262
leaf_count=37 166 299 420 95 75 30 27 47 140 114 1967 152 37 62 126 99 1321 57 7374 56 106 38 270 3748 6656 12205 261 77 49 39
internal_value=1.08337e-11 0.00771979 0.0135436 -0.00359613 -0.0178563 -0.0287935 -0.039996 -0.0195661 -0.000257899 0.0223288 -0.000347813 0.00312497 0.00819919 -0.0090714 -0.00174105 0.0075435 0.0119521 -0.000807349 -0.00377969 -0.0224271 -0.0122528 -0.0269817 0.000136081 -0.00195532 -0.00137977 0.00171116 0.0135003 0.0308256 0.00111691 -0.00256957
internal_weight=19789.1 639.733 512.528 173.681 117.904 91.907 73.6249 41.1826 19149.4 338.848 19070.3 2228.58 1162.21 207.467 185.804 148.47 954.74 16841.7 4057.69 131.886 110.347 77.4718 12784 5491.88 5360.85 7292.14 349.932 168.389 6942.21 181.543
internal_count=36150 1144 845 311 216 179 149 74 35006 534 34866 3764 1797 324 287 225 1473 31102 7631 257 200 144 23471 10674 10404 12797 543 243 12254 300
is_linear=0
shrinkage=0.05


Tree=6
num_leaves=31
num_cat=0
split_feature=10 6 8 12 12 1 10 2 13 7 1 12 10 9 9 1 10 9 1 2 7 11 0 1 9 12 13 0 10 13
split_gain=19.6936 28.5186 22.679 11.6558 11.3265 14.6593 12.4132 10.4131 15.3259 13.2308 19.1509 24.2825 16.8308 14.4419 20.1446 14.3673 14.2558 13.8714 13.5142 11.3234 15.9711 16.5942 19.542 15.1936 10.5939 13.5931 13.6421 10.8252 10.3194 21.4076
threshold=213211.50000000003 20.719737500000004 1.0000000180025095e-35 166.00000000000003 242.00000000000003 10.500000000000002 309030.00000000006 2.5000000000000004 9608109.8404500019 31.500000000000004 31.500000000000004 30.500000000000004 487273.50000000006 0.4134067742939399 -0.049520848158448073 9.5000000000000018 796914.00000000012 -0.39139870390312209 31.500000000000004 3.5000000000000004 43.500000000000007 1.5000000000000002 11513.000000000002 38.500000000000007 1.0858386534711275 209.00000000000003 1122933.3186500003 24203.000000000004 386412.00000000006 347474.60797500011
decision_type=2 2 2 2 2 2 2 2 2 2 2 2 2 2 2 2 2 2 2 2 2 2 2 2 2 2 2 2 2 2
left_child=1 2 -1 -3 7 -6 -7 -2 9 10 15 13 19 14 17 -9 -15 -12 -14 20 21 -11 -23 -21 -20 26 27 -26 -8 -30
right_child=4 3 -4 -5 5 6 28 8 -10 12 11 -13 18 16 -16 -17 -18 -19 24 23 -22 22 -24 -25 25 -27 -28 -29 29 -31
leaf_value=0.01565386130000394 -1.0407926289514543e-06 -0.062744010925087218 -0.012986427185894645 0.0043629622057716521 -0.037954524450965886 -0.032974684903717848 0.027997638484276933 0.012602254196052662 0.031123249460008814 0.0012554163168975523 -0.024631179153873396 -0.022126530541013302 -0.00050812808854672437 0.039039793088718022 -0.053891411444180498 -0.022976158358242866 -0.0066880279638581999 0.031022443980261001 -0.0050377861374126054 -0.023382347399858189 0.04853994808458853 -0.0073415694092692097 0.064839024851440413 0.027678786710888803 -0.046868825608042557 -0.055935416574540223 0.0077682556906770658 -0.014389336361401859 -0.051016411405021111 0.0060002391387331631
leaf_weight=477.91296917572618 14461.723203876987 18.786777118220929 80.808081649243832 9.8701536878943426 19.835644319653511 20.64795446023345 51.512810364365578 31.80638463050127 32.417618751525879 134.27514415606856 17.691439501941204 79.341832138597965 1583.754943728447 59.387492328882217 16.179131247103214 263.04247789829969 23.904380269348621 30.496357977390289 717.85757897421718 47.901973560452461 31.173949427902699 14.956761222332714 25.136069178581238 20.936115741729736 32.277027159929276 20.740745399147272 55.555232729762793 125.02652164921165 16.740420833230019 992.85693713277578
leaf_count=830 26625 78 205 31 45 41 74 55 54 274 56 185 2812 105 46 594 52 57 1435 99 42 39 40 39 69 55 120 272 37 1684
internal_value=-3.90959e-11 0.00901648 0.0115116 -0.0396307 -0.000279814 0.00464043 0.00542147 -0.000583877 -0.00308958 -0.00342249 -0.0107338 0.000182542 -0.0020645 0.0121699 -0.00561788 -0.0191382 0.0259161 0.01059 -0.00333762 0.00969885 0.0155771 0.00968391 0.0379118 -0.00785284 -0.00804747 -0.0172963 -0.0135314 -0.0210538 0.00616861 0.00505483
internal_weight=19514.6 587.378 558.721 28.6569 18927.2 1101.59 1081.76 17825.6 3363.86 3331.44 521.849 227.001 2809.59 147.659 64.3669 294.849 83.2919 48.1878 2535.21 274.38 205.542 174.368 40.0928 68.8381 951.457 233.6 212.859 157.304 1061.11 1009.6
internal_count=36150 1144 1035 109 35006 1881 1836 33125 6500 6446 1150 501 5296 316 159 649 157 113 4763 533 395 353 79 138 1951 516 461 341 1795 1721
is_linear=0
shrinkage=0.05


Tree=7
num_leaves=31
num_cat=0
split_feature=10 6 1 12 9 7 5 6 1 8 1 9 9 11 13 9 10 11 1 7 7 7 6 1 6 5 6 10 6 10
split_gain=20.5999 23.676 20.6446 18.3012 12.2646 11.9831 10.9405 15.5861 12.3974 10.7649 12.6627 8.90334 8.38994 8.09581 24.0464 17.1256 29.0259 36.9505 20.8155 18.5552 17.1465 16.9586 18.698 21.3708 14.9143 14.4409 23.217 22.9613 14.8661 14.4707
threshold=213211.50000000003 10.847650000000003 35.500000000000007 25.500000000000004 -1.2034880687363563 40.500000000000007 1.0000000180025095e-35 11.786912500000001 33.500000000000007 1.0000000180025095e-35 28.500000000000004 -1.6827376870584529 -1.7051198693279797 3.5000000000000004 302842.01860000007 -0.011789099252125106 668367.00000000012 4.5000000000000009 27.500000000000004 28.500000000000004 34.500000000000007 69.500000000000014 45.133000000000003 16.500000000000004 36.511750000000013 1.0000000180025095e-35 8.4533625000000026 437865.00000000006 19.803162500000003 360015.00000000006
decision_type=2 2 2 2 2 2 2 2 2 2 2 2 2 2 2 2 2 2 2 2 2 2 2 2 2 2 2 2 2 2
left_child=1 2 9 -4 5 6 8 -8 -3 -1 -11 -12 -9 -2 15 25 17 19 21 -17 -19 22 -18 -24 -20 27 -27 29 -29 -15
right_child=13 4 3 -5 -6 -7 7 12 -10 10 11 -13 -14 14 -16 16 18 20 24 -21 -22 -23 23 -25 -26 26 -28 28 -30 -31
leaf_value=0.022073579689652678 -0.00065790893147836538 -0.068029693079033129 0.01342096288432258 -0.045071357540212964 0.034921650009577608 0.020313388674534229 0.024929014704630943 -0.070738373609559146 -0.0083172680614931622 -0.03257477727887708 0.047840029713976912 -0.0020665066073270542 -0.012790326762532153 -0.020124907046367563 0.0096381064944780093 -0.0089810271562126964 -0.0072495193259243459 -0.0019983148181778512 0.035856069448230776 0.027472611062434496 -0.054493950543578598 0.038754450162117413 -0.084684470892838912 -0.015822205401897719 -0.0096530593333845754 -0.062907066152345134 0.00049431134000180101 -0.065619702917526265 -0.023483029131230647 0.022687881956917361
leaf_weight=334.51385053619742 16596.705874739215 22.580850837752223 28.028791937977076 25.574641861021519 13.013880319893358 18.078624159097672 19.960640707984567 9.6314365994185192 14.132821992039679 20.709657803177834 13.935028756037353 24.91514191403985 17.77185084857047 39.861721148714423 776.69101714342833 40.801557019352913 352.86103201657534 54.197112366557121 48.772562399506569 241.66965490579605 21.816440273076296 17.678694240748882 17.404753930866718 31.94752049446106 28.536470092833042 15.101969212293623 329.11623425409198 28.139085784554482 81.729487901553512 39.094165459275246
leaf_count=589 31238 60 56 54 28 43 33 45 36 56 28 62 54 103 1278 61 650 83 75 332 48 33 32 54 44 35 645 61 155 79
internal_value=4.85782e-12 0.00942517 0.0146265 -0.0144862 -0.010793 -0.0166167 -0.0245575 -0.00867793 -0.0450436 0.0185866 -0.000998116 0.0158343 -0.0331573 -0.000282747 0.00259266 -0.00134774 0.00303462 0.0138798 -0.0047848 0.0222071 -0.0170649 -0.00917459 -0.0112812 -0.0401074 0.0190576 -0.00838267 -0.00228731 -0.0194942 -0.0342749 0.00107339
internal_weight=19325 562.847 447.677 53.6034 115.17 102.156 84.0776 47.3639 36.7137 394.074 59.5598 38.8502 27.4033 18762.1 2165.42 1388.73 855.686 358.485 497.201 282.471 76.0136 419.892 402.213 49.3523 77.309 533.043 344.218 188.824 109.869 78.9559
internal_count=36150 1144 845 110 299 271 228 132 96 735 146 90 99 35006 3768 2490 1412 524 888 393 131 769 736 86 119 1078 680 398 216 182
is_linear=0
shrinkage=0.05


Tree=8
num_leaves=31
num_cat=0
split_feature=10 6 0 12 6 7 8 5 1 11 6 10 0 6 7 7 9 12 1 10 3 10 12 9 6 12 6 0 0 10
split_gain=28.8094 12.3425 16.0865 21.4696 18.6703 12.7373 12.1977 9.71525 8.1567 7.52863 18.7061 25.8969 18.782 16.5975 17.3733 13.121 15.8203 12.4953 20.6006 16.1014 19.6947 18.4608 15.4231 14.7171 12.0239 17.1708 14.103 12.4472 18.2171 11.3691
threshold=213211.50000000003 10.847650000000003 4962.5000000000009 104.50000000000001 5.9668125000000005 43.500000000000007 1.0000000180025095e-35 1.0000000180025095e-35 29.500000000000004 3.5000000000000004 28.277700000000003 1013412.0000000001 10006.500000000002 22.887150000000002 65.500000000000014 28.500000000000004 0.18252550492812844 221.00000000000003 29.500000000000004 781293.00000000012 2.5000000000000004 964506.00000000012 281.00000000000006 1.4114946965953969 42.257737500000012 52.500000000000007 46.970687500000004 14943.500000000002 16776.500000000004 903441.00000000012
decision_type=2 2 2 2 2 2 2 2 2 2 2 2 2 2 2 2 2 2 2 2 2 2 2 2 2 2 2 2 2 2
left_child=1 2 3 4 -1 7 -4 -6 -5 -2 11 15 -12 -13 -15 16 -11 19 22 20 23 24 29 -14 25 27 -26 -21 -29 -19
right_child=9 -3 6 8 5 -7 -8 -9 -10 10 12 13 17 14 -16 -17 -18 18 -20 21 -22 -23 -24 -25 26 -27 -28 28 -30 -31
leaf_value=0.030880193136388442 -0.00068315177183176073 -0.0040523764739762427 0.026493563797466396 0.045661751619727187 -0.011789903504505941 0.012523117111270125 -0.0015317502241201349 -0.053656953114175891 -0.00012625956727210211 -0.050897879212352275 -0.038206149098591602 -0.083070820486112584 0.013923604449558534 -0.049237712485415475 0.019951162583283326 0.00087613045209878704 0.0022024191492163274 -0.010166270089995757 0.036737607092121975 -0.052317938884547513 -0.027287014612429213 0.0095989890369900591 -0.034343873068347942 -0.028898384431377835 0.034621714726159068 -0.067845219541007126 -0.022014909804540503 0.01866437941272947 -0.026397626013433092 0.035303613771804826
leaf_weight=19.920791640877724 16545.008725364693 102.6913498332724 241.61886501312256 28.943324744701385 24.58026646822691 18.400232571177185 46.258958127349615 31.760153010487556 14.649245345965026 27.782027125358582 22.628110431134701 14.241038158535956 562.45588644593954 21.15055575966835 15.888883173465727 849.11252960562706 28.330829963088036 24.447426721453667 89.568071212619543 18.606603797525167 33.037585459649563 144.32882514223456 21.608052149415016 20.806792363524437 23.29297836124897 17.864685967564583 20.81256777048111 38.655618414282799 53.427395164966583 31.409831568598747
leaf_count=37 31238 299 433 59 52 37 101 90 36 55 48 34 899 46 26 1685 38 39 130 42 51 294 41 37 34 32 35 61 92 49
internal_value=-1.22583e-11 0.0115081 0.0152579 0.00123966 -0.0121313 -0.0235952 0.0219902 -0.0353911 0.0302747 -0.00032676 0.00250884 -0.0026295 0.00688557 -0.0371958 -0.0195576 -0.000671343 -0.0240881 0.00781288 0.0204076 0.00555877 0.0102688 -0.00359855 0.00152632 0.012396 -0.0146306 -0.0223592 0.00789597 -0.015018 -0.007481 0.0154025
internal_weight=19153.3 528.823 426.132 138.254 94.6614 74.7407 287.878 56.3404 43.5926 18624.5 2079.46 956.506 1122.95 51.2805 37.0394 905.225 56.1129 1100.32 167.033 933.289 616.3 316.989 77.4653 583.263 172.66 128.554 44.1055 110.69 92.083 55.8573
internal_count=36150 1144 845 311 216 179 534 142 95 35006 3768 1884 1884 106 72 1778 93 1836 259 1577 987 590 129 936 296 227 69 195 153 88
is_linear=0
shrinkage=0.05


end of trees

feature_importances:
實際使用坪數=41
承租人年齡x簽約租金=41
屋齡=32
承租人年齡=30
縣市_簽約租金zscore=28
承租人年齡x建物型態=28
簽約租金=26
是否為弱勢身份x縣市=13
簽約租金x建物型態x實際使用坪數=9
幾房=7
性別=7
是否為弱勢身分=7
幾廳=1

parameters:
[boosting: gbdt]
[objective: lambdarank]
[metric: ndcg]
[tree_learner: serial]
[device_type: cpu]
[data_sample_strategy: bagging]
[data: ]
[valid: ]
[num_iterations: 300]
[learning_rate: 0.05]
[num_leaves: 31]
[num_threads: 12]
[seed: 0]
[deterministic: 0]
[force_col_wise: 0]
[force_row_wise: 0]
[histogram_pool_size: -1]
[max_depth: -1]
[min_data_in_leaf: 30]
[min_sum_hessian_in_leaf: 0.001]
[bagging_fraction: 1]
[pos_bagging_fraction: 1]
[neg_bagging_fraction: 1]
[bagging_freq: 0]
[bagging_seed: 3]
[bagging_by_query: 0]
[feature_fraction: 1]
[feature_fraction_bynode: 1]
[feature_fraction_seed: 2]
[extra_trees: 0]
[extra_seed: 6]
[early_stopping_round: 0]
[early_stopping_min_delta: 0]
[first_metric_only: 0]
[max_delta_step: 0]
[lambda_l1: 0]
[lambda_l2: 0]
[linear_lambda: 0]
[min_gain_to_split: 0]
[drop_rate: 0.1]
[max_drop: 50]
[skip_drop: 0.5]
[xgboost_dart_mode: 0]
[uniform_drop: 0]
[drop_seed: 4]
[top_rate: 0.2]
[other_rate: 0.1]
[min_data_per_group: 100]
[max_cat_threshold: 32]
[cat_l2: 10]
[cat_smooth: 10]
[max_cat_to_onehot: 4]
[top_k: 20]
[monotone_constraints: ]
[monotone_constraints_method: basic]
[monotone_penalty: 0]
[feature_contri: ]
[forcedsplits_filename: ]
[refit_decay_rate: 0.9]
[cegb_tradeoff: 1]
[cegb_penalty_split: 0]
[cegb_penalty_feature_lazy: ]
[cegb_penalty_feature_coupled: ]
[path_smooth: 0]
[interaction_constraints: ]
[verbosity: -1]
[saved_feature_importance_type: 0]
[use_quantized_grad: 0]
[num_grad_quant_bins: 4]
[quant_train_renew_leaf: 0]
[stochastic_rounding: 1]
[linear_tree: 0]
[max_bin: 255]
[max_bin_by_feature: ]
[min_data_in_bin: 3]
[bin_construct_sample_cnt: 200000]
[data_random_seed: 1]
[is_enable_sparse: 1]
[enable_bundle: 1]
[use_missing: 1]
[zero_as_missing: 0]
[feature_pre_filter: 1]
[pre_partition: 0]
[two_round: 0]
[header: 0]
[label_column: ]
[weight_column: ]
[group_column: ]
[ignore_column: ]
[categorical_feature: ]
[forcedbins_filename: ]
[precise_float_parser: 0]
[parser_config_file: ]
[objective_seed: 5]
[num_class: 1]
[is_unbalance: 0]
[scale_pos_weight: 1]
[sigmoid: 1]
[boost_from_average: 1]
[reg_sqrt: 0]
[alpha: 0.9]
[fair_c: 1]
[poisson_max_delta_step: 0.7]
[tweedie_variance_power: 1.5]
[lambdarank_truncation_level: 30]
[lambdarank_norm: 1]
[label_gain: ]
[lambdarank_position_bias_regularization: 0]
[eval_at: 5]
[multi_error_top_k: 1]
[auc_mu_weights: ]
[num_machines: 1]
[local_listen_port: 12400]
[time_out: 120]
[machine_list_filename: ]
[machines: ]
[gpu_platform_id: -1]
[gpu_device_id: -1]
[gpu_use_dp: 0]
[num_gpu: 1]

end of parameters

pandas_categorical:[]
